fold_0:
   train      val  monitor       lr
4.323250 2.147721 1.465510 0.000500
1.805142 1.756844 1.325460 0.000500
1.619801 2.243988 1.497995 0.000500
1.515550 1.428536 1.195214 0.000500
1.372700 1.325370 1.151247 0.000500
1.253904 1.480053 1.216574 0.000500
1.469366 1.414117 1.189166 0.000500
1.251572 1.178703 1.085681 0.000500
1.088223 1.303598 1.141752 0.000500
1.035433 1.246713 1.116563 0.000500
1.023679 1.091374 1.044688 0.000500
1.124606 1.002738 1.001368 0.000500
0.851958 0.865974 0.930577 0.000500
0.800313 1.048819 1.024119 0.000500
0.776937 0.782884 0.884807 0.000500
0.704172 1.377858 1.173822 0.000500
0.911379 0.857291 0.925900 0.000500
0.823882 1.347168 1.160676 0.000500
1.218007 1.087114 1.042648 0.000375
0.686708 0.919681 0.959000 0.000375
0.572889 0.932476 0.965648 0.000375
0.591022 0.644693 0.802928 0.000375
0.495169 0.677869 0.823328 0.000375
0.505131 0.662602 0.814004 0.000375
0.511741 0.841941 0.917574 0.000375
0.456796 0.639270 0.799544 0.000375
0.465300 0.596458 0.772307 0.000375
0.420805 0.632898 0.795549 0.000375
0.486629 0.717739 0.847195 0.000375
0.383561 0.640098 0.800061 0.000375
0.459674 0.583027 0.763562 0.000375
0.375823 0.598140 0.773395 0.000375
0.344851 0.875947 0.935921 0.000375
0.357134 0.688428 0.829716 0.000375
0.321185 0.986350 0.993152 0.000281
0.371139 1.005404 1.002698 0.000281
0.348077 0.635306 0.797061 0.000281
0.311633 0.641503 0.800939 0.000281
0.284482 0.552195 0.743098 0.000281
0.279730 0.576841 0.759501 0.000281
0.274506 0.594986 0.771354 0.000281
0.274471 0.589900 0.768049 0.000281
0.307030 0.575520 0.758631 0.000211
0.238933 0.553954 0.744281 0.000211
0.237799 0.655659 0.809728 0.000211
0.235413 0.582373 0.763134 0.000211
0.200225 0.592988 0.770057 0.000158
0.213014 0.693635 0.832848 0.000158
0.218392 0.545978 0.738903 0.000158
0.189682 0.581981 0.762877 0.000158
0.197808 0.794068 0.891105 0.000158
0.194650 0.564007 0.751004 0.000158
0.195524 0.687128 0.828932 0.000119
0.195892 0.554009 0.744318 0.000119
0.163259 0.570842 0.755541 0.000119
0.175221 0.626030 0.791221 0.000119
0.161671 0.615360 0.784449 0.000089
0.160674 0.579073 0.760968 0.000089

fold_1:
   train      val  monitor       lr
4.110792 2.260383 1.503457 0.000500
2.059700 1.496791 1.223434 0.000500
1.654744 1.443604 1.201501 0.000500
1.697282 1.187396 1.089677 0.000500
1.461153 1.550563 1.245216 0.000500
1.461862 1.184923 1.088542 0.000500
1.297526 1.085385 1.041818 0.000500
1.250212 1.045212 1.022356 0.000500
1.376915 1.497554 1.223746 0.000500
1.405168 0.996894 0.998446 0.000500
1.078893 0.831877 0.912073 0.000500
1.063871 0.931623 0.965206 0.000500
1.028474 0.950900 0.975141 0.000500
1.094054 0.746023 0.863726 0.000500
0.919042 1.229091 1.108644 0.000500
0.929796 1.001640 1.000820 0.000500
0.931528 1.001745 1.000872 0.000500
0.897344 0.699184 0.836172 0.000500
0.782558 0.634094 0.796300 0.000500
0.662119 0.611695 0.782110 0.000500
0.689201 0.898816 0.948059 0.000500
0.643284 0.758221 0.870759 0.000500
0.615901 0.605058 0.777855 0.000500
0.607422 0.778905 0.882556 0.000500
0.574396 0.916054 0.957107 0.000500
0.665143 0.606771 0.778955 0.000500
0.485126 0.848910 0.921363 0.000375
0.527628 0.555315 0.745194 0.000375
0.470174 0.783330 0.885059 0.000375
0.536399 0.555794 0.745516 0.000375
0.428673 0.531138 0.728792 0.000375
0.448506 0.489916 0.699940 0.000375
0.395969 0.539506 0.734511 0.000375
0.468661 0.448813 0.669935 0.000375
0.398109 0.557945 0.746957 0.000375
0.372519 0.483559 0.695384 0.000375
0.338379 0.421091 0.648916 0.000375
0.329617 0.470855 0.686189 0.000375
0.331980 0.573448 0.757263 0.000375
0.400123 0.864579 0.929827 0.000375
0.460611 0.450556 0.671235 0.000281
0.309873 0.462066 0.679755 0.000281
0.300121 0.464715 0.681700 0.000281
0.262125 0.458882 0.677409 0.000281
0.279985 0.485408 0.696712 0.000211
0.246342 0.431788 0.657105 0.000211

fold_2:
   train      val  monitor       lr
6.558386 1.634228 1.278369 0.000500
1.950880 1.647849 1.283686 0.000500
1.780759 1.776225 1.332751 0.000500
1.585889 1.463640 1.209810 0.000500
1.593694 1.676001 1.294605 0.000500
1.259732 1.389282 1.178678 0.000500
1.290255 1.981726 1.407738 0.000500
1.365831 1.304114 1.141978 0.000500
1.365747 2.006733 1.416592 0.000500
1.256034 1.176300 1.084574 0.000500
0.967548 1.329001 1.152823 0.000500
0.928762 1.201472 1.096117 0.000500
0.895521 1.216935 1.103148 0.000500
1.147487 1.117038 1.056900 0.000500
0.784779 1.098033 1.047871 0.000500
0.715540 1.083660 1.040990 0.000500
0.762953 0.970970 0.985378 0.000500
0.749499 0.966247 0.982979 0.000500
0.740291 1.405248 1.185432 0.000500
0.619166 0.940341 0.969712 0.000500
0.728262 1.138613 1.067058 0.000500
0.693534 1.124955 1.060639 0.000500
0.643465 1.439881 1.199950 0.000500
0.989567 0.964921 0.982304 0.000375
0.725859 0.830444 0.911287 0.000375
0.504810 0.765704 0.875045 0.000375
0.562046 0.874015 0.934888 0.000375
0.529527 0.780396 0.883400 0.000375
0.452645 0.843098 0.918204 0.000375
0.478507 0.803143 0.896182 0.000281
0.405793 0.769584 0.877259 0.000281
0.446162 0.660546 0.812740 0.000281
0.437560 0.722606 0.850063 0.000281
0.363585 0.760122 0.871850 0.000281
0.363204 0.703199 0.838570 0.000281
0.351743 0.678736 0.823854 0.000211
0.341921 0.707047 0.840861 0.000211
0.324053 0.671274 0.819313 0.000211
0.300801 0.642541 0.801587 0.000211
0.308622 0.792981 0.890495 0.000211
0.302381 0.775267 0.880492 0.000211
0.384305 0.806189 0.897880 0.000211
0.310663 0.640884 0.800553 0.000211
0.266958 0.660092 0.812461 0.000211
0.261585 0.795711 0.892027 0.000211
0.305188 0.614738 0.784052 0.000211
0.257785 0.663370 0.814475 0.000211
0.264036 0.713680 0.844796 0.000211
0.262148 0.647506 0.804677 0.000211
0.244406 0.702801 0.838333 0.000158
0.231307 0.650674 0.806644 0.000158
0.220063 0.668211 0.817442 0.000158
0.233290 0.680752 0.825077 0.000158
0.228604 0.625507 0.790890 0.000119
0.201523 0.639680 0.799800 0.000119

fold_3:
   train      val  monitor       lr
6.771592 2.124332 1.457509 0.000500
1.910984 1.833711 1.354146 0.000500
1.839159 1.646982 1.283348 0.000500
1.508447 1.788498 1.337347 0.000500
1.400067 1.509710 1.228703 0.000500
1.245273 1.747539 1.321945 0.000500
1.225328 1.448893 1.203700 0.000500
1.296575 2.004273 1.415723 0.000500
1.226659 1.274868 1.129101 0.000500
1.062057 1.416747 1.190272 0.000500
0.934906 1.249516 1.117818 0.000500
0.839780 1.200165 1.095520 0.000500
1.002251 1.190340 1.091027 0.000500
0.892438 1.855209 1.362060 0.000500
0.934269 1.068513 1.033689 0.000500
0.691203 0.994885 0.997439 0.000500
0.714819 1.384645 1.176709 0.000500
0.702771 0.938865 0.968951 0.000500
0.639089 1.301170 1.140688 0.000500
0.860244 1.021078 1.010484 0.000500
0.591686 1.695235 1.302012 0.000500
0.636535 0.915141 0.956630 0.000500
0.558564 1.248233 1.117243 0.000500
0.805499 0.964970 0.982329 0.000500
0.466318 0.817452 0.904131 0.000500
0.481904 0.958547 0.979054 0.000500
0.463649 0.781825 0.884209 0.000500
0.510204 0.973310 0.986565 0.000500
0.539296 0.809499 0.899722 0.000500
0.409725 0.857329 0.925921 0.000500
0.505432 0.734971 0.857304 0.000500
0.402114 1.076948 1.037761 0.000500
0.512393 0.723823 0.850778 0.000500
0.537859 0.847023 0.920338 0.000500
0.449126 0.720167 0.848626 0.000500
0.349376 0.745207 0.863254 0.000500
0.463970 0.802975 0.896089 0.000500
0.408713 0.746816 0.864185 0.000500
0.480664 0.859853 0.927282 0.000375
0.367674 0.808272 0.899039 0.000375
0.297860 0.714374 0.845206 0.000375
0.291712 0.654040 0.808728 0.000375
0.292541 0.723193 0.850407 0.000375
0.285593 0.768540 0.876664 0.000375
0.286505 0.711449 0.843475 0.000375
0.279288 0.693741 0.832911 0.000281
0.236146 0.903701 0.950632 0.000281
0.242336 0.659428 0.812051 0.000281
0.229627 0.879227 0.937671 0.000281
0.238996 0.667248 0.816853 0.000211
0.225534 0.662423 0.813894 0.000211

fold_4:
   train      val  monitor       lr
6.463023 2.619061 1.618351 0.000500
2.119507 2.267273 1.505747 0.000500
2.018551 1.571057 1.253418 0.000500
1.715145 1.387298 1.177836 0.000500
1.488030 1.601357 1.265447 0.000500
1.475204 1.162480 1.078184 0.000500
1.372523 1.363125 1.167529 0.000500
1.370190 1.073251 1.035978 0.000500
1.306243 1.037929 1.018788 0.000500
1.206456 1.136929 1.066269 0.000500
1.106776 1.110315 1.053715 0.000500
0.982747 0.936093 0.967519 0.000500
0.879298 0.919357 0.958831 0.000500
0.806623 0.883592 0.939996 0.000500
0.787744 0.852059 0.923071 0.000500
0.954876 0.812568 0.901426 0.000500
0.730214 0.893594 0.945301 0.000500
0.749959 0.806000 0.897775 0.000500
0.681844 0.811828 0.901015 0.000500
0.602154 0.737500 0.858778 0.000500
0.694990 0.824855 0.908215 0.000500
0.662133 1.039928 1.019769 0.000500
0.771836 0.692482 0.832155 0.000500
0.490609 0.924297 0.961404 0.000500
0.603498 0.896383 0.946775 0.000500
0.638684 1.210160 1.100073 0.000500
0.554674 0.794687 0.891452 0.000375
0.436264 0.814285 0.902377 0.000375
0.442641 0.952772 0.976100 0.000375
0.424164 0.792553 0.890254 0.000375
0.408774 0.716664 0.846560 0.000281
0.335708 0.707381 0.841060 0.000281
0.318889 0.687173 0.828959 0.000281
0.297427 0.732975 0.856140 0.000281
0.299267 0.747118 0.864360 0.000281
0.290314 0.780876 0.883672 0.000281
0.301095 0.784447 0.885690 0.000211
0.277244 0.708767 0.841883 0.000211
0.288069 0.785790 0.886448 0.000211
0.269674 0.786406 0.886795 0.000211
0.264777 0.713871 0.844909 0.000158
0.230451 0.677563 0.823142 0.000158
0.224281 0.679449 0.824287 0.000158
0.232722 0.773422 0.879444 0.000158
0.239008 0.704619 0.839416 0.000158
0.200047 0.724471 0.851159 0.000119
0.207768 0.692241 0.832010 0.000119
0.197101 0.726038 0.852079 0.000119
0.181055 0.678796 0.823891 0.000119
0.205875 0.683750 0.826892 0.000089
0.179156 0.715218 0.845705 0.000089

